Frequency of 0 to 9 with 100, 1 000, 10 000, 100 000, 1 000 000 runs:
 
0.1	0.07	0.06	0.11	0.15	0.07	0.11	0.1	0.11	0.12	
0.104	0.102	0.102	0.103	0.094	0.094	0.11	0.104	0.109	0.078	
0.0999	0.1012	0.1023	0.0975	0.0972	0.0978	0.1003	0.0997	0.1001	0.104	
0.10008	0.10162	0.09901	0.09833	0.09968	0.09953	0.10004	0.09984	0.10059	0.10128	
0.100476	0.100112	0.099826	0.100256	0.100053	0.099782	0.099605	0.099987	0.100018	0.099885	

Frequency of 0 to 99 with 1 000, 10 000, 100 000, 1 000 000, 10 000 000 runs: 

0.091	0.091	0.11	0.106	0.097	0.094	0.105	0.11	0.109	0.087	
0.1	0.1033	0.1052	0.0954	0.1017	0.0993	0.0981	0.098	0.1035	0.0955	
0.10063	0.09956	0.10029	0.10026	0.10093	0.10095	0.09914	0.09981	0.09976	0.09867	
0.100341	0.100053	0.100279	0.099455	0.100217	0.100509	0.099647	0.099458	0.099643	0.100398	
0.100143	0.100115	0.100066	0.0999668	0.100195	0.100099	0.0999334	0.0998802	0.0997714	0.0998301	

Frequency of 0 to 999 with 10 000, 100 000, 1 000 000, 10 000 000, 100 000 000 runs: 

0.1017	0.1019	0.0996	0.1006	0.1016	0.1047	0.0955	0.1004	0.0984	0.0956	
0.10056	0.10091	0.10101	0.1006	0.10073	0.10063	0.09989	0.10048	0.09871	0.09648	
0.100435	0.100559	0.101166	0.100609	0.100636	0.100587	0.100669	0.100467	0.097677	0.097195	
0.100677	0.100639	0.100758	0.100698	0.100847	0.100873	0.100546	0.0998158	0.0976018	0.097544	
0.100657	0.100758	0.100712	0.100676	0.100672	0.100797	0.100648	0.0997636	0.0976755	0.0976407	
